# H0 ln10_10A_s n_s omega_b Omega_m A_SZ alpha_SZ sigma_lnY
4.854073017844907412e+00 -1.625091117143327990e-01 1.417418811439315847e-03 3.824283331556762558e-04 -4.118755833988367934e-03 -1.621358985827189023e-03 8.724215728071634673e-03 -1.281347385577033364e-03
-1.625091117143327990e-01 1.593043667148686185e-02 -1.556930526113451730e-04 5.967472926322674279e-05 -7.664727582439951822e-04 -1.853611894963920264e-03 -5.773554764753606764e-04 -1.402472221794296130e-04
1.417418811439315847e-03 -1.556930526113451730e-04 1.747456734943111240e-04 -5.224429929824197943e-07 -1.208165932573814054e-05 9.760447543666243036e-06 2.360057339305077727e-05 -1.029966884374282205e-05
3.824283331556762558e-04 5.967472926322674279e-05 -5.224429929824197943e-07 3.870224697723327102e-06 2.490727046388933595e-06 -7.045493640239006376e-07 -1.029370137299252326e-06 1.806801991725003374e-06
-4.118755833988367934e-03 -7.664727582439951822e-04 -1.208165932573814054e-05 2.490727046388933595e-06 1.153013128381347369e-04 1.707362365549108861e-04 9.502088872660253201e-05 3.365041219378200730e-05
-1.621358985827189023e-03 -1.853611894963920264e-03 9.760447543666243036e-06 -7.045493640239006376e-07 1.707362365549108861e-04 6.323488553550380168e-04 4.903288162017050442e-05 -3.905561326975660354e-05
8.724215728071634673e-03 -5.773554764753607849e-04 2.360057339305077727e-05 -1.029370137299252326e-06 9.502088872660253201e-05 4.903288162017050442e-05 2.689492354973654561e-03 6.323473299748173359e-05
-1.281347385577033364e-03 -1.402472221794296401e-04 -1.029966884374282205e-05 1.806801991725003586e-06 3.365041219378200730e-05 -3.905561326975660354e-05 6.323473299748173359e-05 5.114026226176749670e-04
