# H0 ln10_10A_s n_s omega_b Omega_m A_SZ alpha_SZ sigma_lnY
4.822916558365391460e+00 -1.757763661454216364e-01 1.486426079336781178e-03 8.867858302569232040e-05 -5.525554176242792291e-03 3.825350319590307708e-03 -3.937961813770766289e-03 2.992347148087166897e-03
-1.757763661454216364e-01 1.568018508584397702e-02 -1.579412531773557733e-04 7.792048980567487329e-05 -5.739143213729805491e-04 -1.338132043885822183e-03 4.672244215680908990e-04 -5.445101397958449331e-04
1.486426079336781178e-03 -1.579412531773557733e-04 1.898884683667890192e-04 -5.108858427751522975e-07 -1.237805761603450273e-05 5.773684852648186021e-06 3.646856924137574025e-05 2.301237088493062487e-06
8.867858302569232040e-05 7.792048980567487329e-05 -5.108858427751522975e-07 4.087787079123224967e-06 2.525322842403853288e-06 -8.240356076303428197e-07 -5.987312040758882961e-06 2.027444975984921807e-07
-5.525554176242792291e-03 -5.739143213729805491e-04 -1.237805761603450273e-05 2.525322842403852865e-06 1.047014888149408620e-04 9.913556547434328626e-05 5.067402170184884426e-06 5.015634887079829720e-05
3.825350319590307708e-03 -1.338132043885822183e-03 5.773684852648186021e-06 -8.240356076303428197e-07 9.913556547434328626e-05 3.908837378956410923e-04 -4.831132616893062185e-05 -1.329060000235522664e-06
-3.937961813770766289e-03 4.672244215680908990e-04 3.646856924137574025e-05 -5.987312040758882961e-06 5.067402170184884426e-06 -4.831132616893062185e-05 2.028290922995175383e-03 3.181738020314192286e-05
2.992347148087166897e-03 -5.445101397958449331e-04 2.301237088493063758e-06 2.027444975984922866e-07 5.015634887079829720e-05 -1.329060000235522664e-06 3.181738020314192286e-05 4.977167214589632528e-04
